[BaseMatch]
Base1=1
Base2=2
Base3=3
Base4=4
Base5=5
Base6=6

[Offset1]
SN=FX-AG8-001
Width=470
X=185.927658
Y=-183.321457
Z=249.909531
A=-0.0760905221
B=0.300593823
C=-179.154861

[Offset2]
SN=FX-AG8-002
Width=470
X=185.857452
Y=-179.673843
Z=250.707733
A=-0.351808548
B=-0.578922510
C=-179.788803

[Offset3]
SN=FX-AG8-003
Width=470
X=186.815521
Y=-181.14212
Z=255.749710
A=0.298730791
B=-0.355948150
C=-179.677231

[Offset4]
SN=FX-AG8-004
Width=450
X=186.815521
Y=288.857880
Z=255.749710
A=0.298730791
B=-0.355948150
C=-179.677231

[Offset5]
SN=FX-AG8-005
Width=450
X=186.815521
Y=288.857880
Z=255.749710
A=0.298730791
B=-0.355948150
C=-179.677231

[Offset6]
SN=FX-AG8-006
Width=450
X=186.815521
Y=288.857880
Z=255.749710
A=0.298730791
B=-0.355948150
C=-179.677231
