[Offset1]
X=185.349915
Y=-184.203232
Z=254.831879
A=-0.123922847
B=0.921323597
C=-178.970932
Type=AG8

[Offset2]
X=186.753601
Y=-180.132416
Z=254.810333
A=-0.0686468
B=0.0638168156
C=-179.306168
Type=AG8

[Offset3]
X=167.461594
Y=288.654663
Z=256.636078
A=0.231710553
B=-0.353601873
C=179.912354
Type=AG8